235 172
645
223 69 190 36
216 71 184 39
218 72 186 40
145 119 106 119
112 89 138 63
181 121 206 141
109 66 137 53
24 151 48 169
25 139 46 160
155 97 127 103
43 158 24 139
75 106 99 94
176 31 160 51
194 89 176 75
111 61 117 39
156 74 172 90
38 99 56 112
136 11 153 25
56 41 68 58
189 115 176 99
46 53 59 69
150 76 140 58
73 61 91 52
79 73 61 82
58 79 70 63
82 80 64 88
43 34 59 23
204 127 219 139
43 59 55 74
95 66 103 49
18 108 33 119
221 144 232 129
197 42 210 55
164 90 151 77
63 63 52 49
63 39 74 53
83 70 94 56
175 39 171 56
89 127 105 120
80 111 96 104
61 28 78 24
166 25 152 35
174 83 189 91
214 107 228 116
57 40 72 33
52 79 42 66
147 59 155 73
24 77 31 91
117 26 103 19
109 48 102 62
70 37 80 49
127 73 138 62
77 35 86 47
27 57 34 44
163 116 177 119
134 93 148 91
154 40 154 54
149 55 149 41
3 76 3 90
104 33 104 47
95 20 103 31
75 131 88 127
75 17 62 21
28 74 34 86
32 61 38 49
189 27 177 21
96 38 84 32
137 11 125 5
194 104 206 110
117 6 105 1
113 103 100 103
59 112 71 107
109 34 109 47
20 140 20 127
83 35 91 45
42 35 34 45
211 58 220 67
118 84 127 75
161 88 152 79
177 108 166 102
37 88 49 91
96 69 108 66
93 8 103 1
214 112 207 122
176 58 181 69
160 64 160 52
51 150 61 144
113 81 106 72
66 159 59 168
2 64 11 57
37 80 32 70
72 134 67 144
1 100 6 110
123 36 128 46
34 108 36 97
218 80 223 70
216 145 206 140
170 60 170 71
84 29 73 29
41 107 41 118
223 120 217 129
164 20 154 24
47 125 37 129
5 90 13 97
189 92 196 100
187 112 195 119
52 96 42 94
59 121 67 115
220 95 220 85
37 60 37 70
193 89 199 97
168 85 161 78
94 29 85 25
51 144 60 140
24 150 21 141
47 39 42 47
203 127 195 122
149 31 144 39
163 58 165 67
95 109 101 116
79 111 70 113
21 117 19 126
147 118 156 117
79 2 79 11
25 58 16 58
176 38 184 34
139 33 131 29
66 4 62 12
13 112 21 116
91 7 83 3
183 29 175 33
24 119 32 123
52 170 60 166
46 137 42 145
171 75 175 83
108 88 100 84
38 57 41 49
61 95 69 92
194 41 188 35
208 103 200 101
77 89 84 85
2 76 1 68
214 123 218 116
117 104 125 103
50 91 58 90
213 51 220 55
194 35 190 28
31 90 35 97
172 89 179 93
78 1 70 1
83 32 75 32
132 94 124 94
24 60 24 68
167 51 167 59
142 54 147 60
53 131 59 136
85 88 90 94
3 96 8 102
44 81 51 84
53 129 56 122
158 64 155 57
123 23 130 26
132 108 136 114
69 128 63 124
173 21 167 25
115 94 119 88
85 67 80 72
116 86 111 91
45 33 40 38
68 153 67 146
74 13 67 14
116 95 123 95
18 67 18 60
164 57 164 50
32 69 32 62
5 72 12 72
211 80 208 86
12 112 6 109
97 45 94 51
219 96 216 102
13 103 7 106
175 99 169 96
146 112 143 106
220 56 223 62
97 70 94 76
230 118 233 124
25 98 28 92
105 95 111 92
99 15 104 19
91 84 95 89
138 44 143 40
162 99 156 97
63 19 62 13
99 93 105 94
22 94 23 88
179 94 178 100
13 96 13 102
94 14 94 20
166 66 166 60
34 109 34 115
128 47 128 53
150 90 156 90
118 5 124 5
192 100 189 105
81 118 86 121
155 72 159 76
210 98 205 96
156 104 158 109
8 79 13 77
73 101 71 96
13 85 18 83
152 36 150 41
89 114 91 119
97 44 96 39
38 71 39 76
179 77 175 74
1 67 4 63
70 64 74 61
88 76 93 76
58 105 54 102
79 94 83 97
118 26 122 24
231 129 233 125
151 28 149 32
216 101 212 103
59 90 63 88
43 130 47 132
17 93 21 95
177 120 181 122
84 12 86 8
99 83 97 79
163 105 165 109
26 127 24 131
86 82 90 80
195 133 198 136
72 135 75 132
189 126 192 129
148 22 151 25
227 116 230 119
65 99 66 103
157 117 161 116
165 92 164 96
23 69 19 69
118 35 122 35
168 46 168 50
83 24 79 24
120 39 124 39
165 20 169 20
72 90 76 90
99 13 95 13
61 104 59 101
102 11 104 8
66 5 68 2
158 44 160 47
124 110 126 113
174 103 171 101
223 129 221 132
17 108 14 106
50 47 52 44
21 84 23 87
13 76 12 73
220 144 217 145
94 30 95 33
188 36 185 35
33 128 36 129
219 84 218 81
140 54 139 57
76 16 73 17
1 93 2 90
69 30 72 30
63 32 66 32
50 137 47 137
201 96 198 96
207 107 207 110
171 74 171 71
61 140 64 140
15 57 12 57
80 12 83 12
210 99 210 102
88 16 91 16
56 120 56 117
67 157 67 154
33 120 31 118
59 24 61 22
85 44 83 42
52 69 50 67
59 47 61 49
89 41 91 43
60 82 58 80
216 108 214 106
58 45 56 43
132 29 130 27
64 70 62 72
70 38 72 40
36 87 34 85
83 36 85 38
140 14 138 12
98 5 96 7
165 101 163 100
45 160 46 162
203 116 204 114
50 147 51 145
44 80 43 78
213 87 211 88
153 37 152 39
51 170 49 169
104 9 105 7
104 9 105 7
195 120 196 122
72 107 74 106
39 80 37 79
97 104 99 104
97 104 99 104
165 71 165 73
74 52 74 54
229 132 229 134
43 166 45 166
8 92 6 92
142 33 140 33
57 25 55 25
102 28 102 30
163 46 163 48
67 116 65 116
91 59 91 61
143 18 145 18
96 66 96 68
52 40 50 40
161 67 161 65
40 120 40 118
162 27 164 27
53 96 55 96
75 33 73 33
15 90 15 88
165 71 165 73
171 57 171 59
176 21 174 21
114 104 116 104
183 109 184 110
146 57 145 56
146 57 145 56
146 57 145 56
146 57 145 56
146 57 145 56
73 133 74 132
73 133 74 132
68 111 69 112
210 131 209 130
210 131 209 130
100 2 101 1
28 155 27 154
28 155 27 154
45 69 46 70
45 69 46 70
197 100 198 101
197 100 198 101
44 102 45 103
107 74 106 73
168 42 167 43
100 83 101 84
183 80 182 79
53 130 54 131
190 29 189 28
190 29 189 28
100 61 101 62
189 86 190 87
159 29 158 30
159 29 158 30
218 139 219 140
164 91 163 90
163 96 162 97
176 39 177 38
185 83 186 84
185 83 186 84
100 83 101 84
79 93 80 94
25 112 24 111
150 75 151 76
54 52 53 51
227 137 226 138
47 106 48 107
47 106 48 107
197 100 198 101
201 138 200 137
52 78 51 77
213 133 214 134
67 55 68 56
81 72 82 71
80 50 79 49
51 109 52 110
183 39 184 40
46 62 47 63
69 113 68 112
87 47 86 46
73 133 74 132
61 59 60 58
61 59 60 58
100 15 99 14
146 57 145 56
187 125 186 124
100 114 99 113
75 44 76 45
58 36 57 35
25 126 25 125
184 94 183 94
27 128 28 128
91 79 91 78
32 122 33 122
69 2 70 2
103 48 103 47
103 48 103 47
20 84 19 84
26 57 25 57
58 112 57 112
107 111 106 111
38 59 38 58
63 146 62 146
93 52 92 52
93 52 92 52
204 98 204 97
184 29 184 30
110 41 110 40
46 46 47 46
110 41 110 40
110 41 110 40
155 55 155 56
24 75 24 76
135 35 135 36
150 105 150 106
7 111 7 111
39 81 39 81
68 80 68 80
130 28 130 28
69 25 69 25
107 55 107 55
110 78 110 78
70 79 70 79
80 38 80 38
80 38 80 38
7 79 7 79
70 47 70 47
98 94 98 94
134 36 134 36
57 54 57 54
57 54 57 54
91 34 91 34
169 88 169 88
25 151 25 151
25 151 25 151
93 20 93 20
14 99 14 99
28 73 28 73
60 144 60 144
38 88 38 88
55 95 55 95
48 31 48 31
181 88 181 88
48 73 48 73
161 51 161 51
183 30 183 30
77 131 77 131
63 7 63 7
62 110 62 110
40 129 40 129
84 25 84 25
211 117 211 117
72 14 72 14
8 97 8 97
88 65 88 65
219 111 219 111
104 25 104 25
55 73 55 73
40 111 40 111
94 89 94 89
63 36 63 36
149 91 149 91
144 55 144 55
68 139 68 139
108 49 108 49
69 137 69 137
140 59 140 59
124 111 124 111
124 111 124 111
171 36 171 36
35 160 35 160
188 27 188 27
25 151 25 151
19 68 19 68
90 75 90 75
58 134 58 134
91 34 91 34
168 87 168 87
63 95 63 95
21 78 21 78
136 33 136 33
21 78 21 78
1 103 1 103
1 103 1 103
41 163 41 163
9 112 9 112
9 112 9 112
97 48 97 48
23 68 23 68
57 122 57 122
163 107 163 107
84 3 84 3
78 73 78 73
21 109 21 109
66 14 66 14
29 79 29 79
39 120 39 120
152 29 152 29
54 72 54 72
54 72 54 72
218 118 218 118
67 122 67 122
133 109 133 109
133 109 133 109
57 105 57 105
62 105 62 105
62 105 62 105
47 49 47 49
193 98 193 98
193 98 193 98
222 113 222 113
222 113 222 113
67 31 67 31
19 67 19 67
219 55 219 55
219 55 219 55
219 55 219 55
57 56 57 56
57 56 57 56
67 145 67 145
67 145 67 145
64 163 64 163
64 163 64 163
64 163 64 163
66 44 66 44
66 44 66 44
66 44 66 44
66 44 66 44
66 44 66 44
66 44 66 44
136 113 136 113
136 113 136 113
136 113 136 113
58 101 58 101
58 101 58 101
45 52 45 52
40 90 40 90
40 90 40 90
40 90 40 90
66 110 66 110
60 143 60 143
35 87 35 87
35 87 35 87
222 121 222 121
192 117 192 117
192 117 192 117
122 36 122 36
20 116 20 116
188 106 188 106
52 27 52 27
36 50 36 50
36 50 36 50
165 95 165 95
14 100 14 100
83 80 83 80
37 99 37 99
37 99 37 99
223 119 223 119
104 61 104 61
84 103 84 103
115 93 115 93
215 135 215 135
139 54 139 54
157 27 157 27
34 54 34 54
183 89 183 89
211 115 211 115
151 106 151 106
63 62 63 62
5 97 5 97
26 119 26 119
194 117 194 117
122 36 122 36
44 139 44 139
44 139 44 139
44 139 44 139
149 73 149 73
52 41 52 41
177 59 177 59
203 110 203 110
203 110 203 110
44 67 44 67
44 67 44 67
44 67 44 67
45 52 45 52
65 35 65 35
141 54 141 54
37 160 37 160
28 72 28 72
92 29 92 29
94 75 94 75
23 146 23 146
136 113 136 113
105 59 105 59
229 117 229 117
31 157 31 157
101 11 101 11
95 38 95 38
144 60 144 60
209 102 209 102
64 163 64 163
164 66 164 66
164 66 164 66
164 66 164 66
67 145 67 145
59 82 59 82
89 92 89 92
89 92 89 92
57 56 57 56
62 39 62 39
71 34 71 34
78 2 78 2
177 84 177 84
51 48 51 48
77 36 77 36
78 87 78 87
193 98 193 98
46 50 46 50
29 115 29 115
94 55 94 55
178 30 178 30
61 165 61 165
119 40 119 40
119 40 119 40
133 109 133 109
49 57 49 57
21 98 21 98
35 52 35 52
219 125 219 125
21 94 21 94
42 126 42 126
104 1 104 1
